[A]
0110
1001
1111
1001
1001

[a]
000
011
101
101
011

[B]
1110
1001
1110
1001
1110

[b]
100
100
110
101
110

[C]
0111
1000
1000
1000
0111

[c]
000
011
100
100
011

[D]
1110
1001
1001
1001
1110

[d]
001
001
011
101
011

[E]
111
100
111
100
111

[e]
000
011
101
110
011

[F]
111
100
111
100
100

[f]
011
010
111
010
010

[G]
0111
1000
1011
1001
0111

[g]
011
101
011
001
110

[H]
1001
1001
1111
1001
1001

[h]
100
100
111
101
101

[I]
111
010
010
010
111

[i]
1
0
1
1
1

[J]
001
001
001
101
010

[j]
01
00
01
01
10

[K]
1001
1010
1100
1010
1001

[k]
100
100
101
110
101

[L]
100
100
100
100
111

[l]
1
1
1
1
1

[M]
10001
11011
10101
10001
10001

[m]
00000
11010
10101
10101
10101

[N]
1001
1101
1011
1001
1001

[n]
0000
1110
1001
1001
1001

[O]
0110
1001
1001
1001
0110

[o]
0000
0110
1001
1001
0110

[P]
1110
1001
1110
1000
1000

[p]
000
110
101
110
100

[Q]
0110
1001
1001
1010
0101

[q]
000
011
101
011
001

[R]
1110
1001
1110
1010
1001

[r]
000
101
110
100
100

[S]
0111
1000
0110
0001
1110

[s]
000
011
110
001
110

[T]
111
010
010
010
010

[t]
010
111
010
010
001

[U]
1001
1001
1001
1001
0110

[u]
000
101
101
101
011

[V]
101
101
101
101
010

[v]
000
101
101
101
010

[W]
10001
10001
10101
10101
01010

[w]
00000
10001
10001
10101
01010

[X]
10001
01010
00100
01010
10001

[x]
000
101
010
101
101

[Y]
101
101
111
010
010

[y]
000
101
111
010
100

[Z]
1111
0001
0010
0100
1111

[z]
000
111
001
010
111

[ ]
0
0
0
0
0
